r1=1, m1=2, r2=1, m2=3, t=3
Декодирующее дерево для первой координаты кода RM(1,2):

1000
    1010
        1111
    1100
        1111
    1001
        1111
--------------------------------------
Декодирующее дерево для первой координаты кода RM(1,3):

10000000
    10001000
        11001100
        10101010
        10011001
    10100000
        11110000
        10101010
        10100101
    10000010
        11000011
        10101010
        10010110
    11000000
        11110000
        11001100
        11000011
    10000100
        10100101
        11001100
        10010110
    10010000
        11110000
        10011001
        10010110
    10000001
        10100101
        10011001
        11000011
--------------------------------------
Вспомогательное декодирующее дерево для первой координаты тензорного произведения RM(1,2) и RM(1,3):

10000000000000000000000000000000
    10001000000000000000000000000000
        11001100000000000000000000000000
        10101010000000000000000000000000
        10011001000000000000000000000000
        10001000000000001000100000000000
            11001100000000001100110000000000
            10101010000000001010101000000000
            10011001000000001001100100000000
            10001000100010001000100010001000
        10001000100010000000000000000000
            11001100110011000000000000000000
            10101010101010100000000000000000
            10011001100110010000000000000000
            10001000100010001000100010001000
        10001000000000000000000010001000
            11001100000000000000000011001100
            10101010000000000000000010101010
            10011001000000000000000010011001
            10001000100010001000100010001000
    10100000000000000000000000000000
        11110000000000000000000000000000
        10101010000000000000000000000000
        10100101000000000000000000000000
        10100000000000001010000000000000
            11110000000000001111000000000000
            10101010000000001010101000000000
            10100101000000001010010100000000
            10100000101000001010000010100000
        10100000101000000000000000000000
            11110000111100000000000000000000
            10101010101010100000000000000000
            10100101101001010000000000000000
            10100000101000001010000010100000
        10100000000000000000000010100000
            11110000000000000000000011110000
            10101010000000000000000010101010
            10100101000000000000000010100101
            10100000101000001010000010100000
    10000010000000000000000000000000
        11000011000000000000000000000000
        10101010000000000000000000000000
        10010110000000000000000000000000
        10000010000000001000001000000000
            11000011000000001100001100000000
            10101010000000001010101000000000
            10010110000000001001011000000000
            10000010100000101000001010000010
        10000010100000100000000000000000
            11000011110000110000000000000000
            10101010101010100000000000000000
            10010110100101100000000000000000
            10000010100000101000001010000010
        10000010000000000000000010000010
            11000011000000000000000011000011
            10101010000000000000000010101010
            10010110000000000000000010010110
            10000010100000101000001010000010
    11000000000000000000000000000000
        11110000000000000000000000000000
        11001100000000000000000000000000
        11000011000000000000000000000000
        11000000000000001100000000000000
            11110000000000001111000000000000
            11001100000000001100110000000000
            11000011000000001100001100000000
            11000000110000001100000011000000
        11000000110000000000000000000000
            11110000111100000000000000000000
            11001100110011000000000000000000
            11000011110000110000000000000000
            11000000110000001100000011000000
        11000000000000000000000011000000
            11110000000000000000000011110000
            11001100000000000000000011001100
            11000011000000000000000011000011
            11000000110000001100000011000000
    10000100000000000000000000000000
        10100101000000000000000000000000
        11001100000000000000000000000000
        10010110000000000000000000000000
        10000100000000001000010000000000
            10100101000000001010010100000000
            11001100000000001100110000000000
            10010110000000001001011000000000
            10000100100001001000010010000100
        10000100100001000000000000000000
            10100101101001010000000000000000
            11001100110011000000000000000000
            10010110100101100000000000000000
            10000100100001001000010010000100
        10000100000000000000000010000100
            10100101000000000000000010100101
            11001100000000000000000011001100
            10010110000000000000000010010110
            10000100100001001000010010000100
    10010000000000000000000000000000
        11110000000000000000000000000000
        10011001000000000000000000000000
        10010110000000000000000000000000
        10010000000000001001000000000000
            11110000000000001111000000000000
            10011001000000001001100100000000
            10010110000000001001011000000000
            10010000100100001001000010010000
        10010000100100000000000000000000
            11110000111100000000000000000000
            10011001100110010000000000000000
            10010110100101100000000000000000
            10010000100100001001000010010000
        10010000000000000000000010010000
            11110000000000000000000011110000
            10011001000000000000000010011001
            10010110000000000000000010010110
            10010000100100001001000010010000
    10000001000000000000000000000000
        10100101000000000000000000000000
        10011001000000000000000000000000
        11000011000000000000000000000000
        10000001000000001000000100000000
            10100101000000001010010100000000
            10011001000000001001100100000000
            11000011000000001100001100000000
            10000001100000011000000110000001
        10000001100000010000000000000000
            10100101101001010000000000000000
            10011001100110010000000000000000
            11000011110000110000000000000000
            10000001100000011000000110000001
        10000001000000000000000010000001
            10100101000000000000000010100101
            10011001000000000000000010011001
            11000011000000000000000011000011
            10000001100000011000000110000001
    10000000000000001000000000000000
        10001000000000001000100000000000
            11001100000000001100110000000000
            10101010000000001010101000000000
            10011001000000001001100100000000
            10001000100010001000100010001000
        10100000000000001010000000000000
            11110000000000001111000000000000
            10101010000000001010101000000000
            10100101000000001010010100000000
            10100000101000001010000010100000
        10000010000000001000001000000000
            11000011000000001100001100000000
            10101010000000001010101000000000
            10010110000000001001011000000000
            10000010100000101000001010000010
        11000000000000001100000000000000
            11110000000000001111000000000000
            11001100000000001100110000000000
            11000011000000001100001100000000
            11000000110000001100000011000000
        10000100000000001000010000000000
            10100101000000001010010100000000
            11001100000000001100110000000000
            10010110000000001001011000000000
            10000100100001001000010010000100
        10010000000000001001000000000000
            11110000000000001111000000000000
            10011001000000001001100100000000
            10010110000000001001011000000000
            10010000100100001001000010010000
        10000001000000001000000100000000
            10100101000000001010010100000000
            10011001000000001001100100000000
            11000011000000001100001100000000
            10000001100000011000000110000001
        10000000100000001000000010000000
    10000000100000000000000000000000
        10001000100010000000000000000000
            11001100110011000000000000000000
            10101010101010100000000000000000
            10011001100110010000000000000000
            10001000100010001000100010001000
        10100000101000000000000000000000
            11110000111100000000000000000000
            10101010101010100000000000000000
            10100101101001010000000000000000
            10100000101000001010000010100000
        10000010100000100000000000000000
            11000011110000110000000000000000
            10101010101010100000000000000000
            10010110100101100000000000000000
            10000010100000101000001010000010
        11000000110000000000000000000000
            11110000111100000000000000000000
            11001100110011000000000000000000
            11000011110000110000000000000000
            11000000110000001100000011000000
        10000100100001000000000000000000
            10100101101001010000000000000000
            11001100110011000000000000000000
            10010110100101100000000000000000
            10000100100001001000010010000100
        10010000100100000000000000000000
            11110000111100000000000000000000
            10011001100110010000000000000000
            10010110100101100000000000000000
            10010000100100001001000010010000
        10000001100000010000000000000000
            10100101101001010000000000000000
            10011001100110010000000000000000
            11000011110000110000000000000000
            10000001100000011000000110000001
        10000000100000001000000010000000
    10000000000000000000000010000000
        10001000000000000000000010001000
            11001100000000000000000011001100
            10101010000000000000000010101010
            10011001000000000000000010011001
            10001000100010001000100010001000
        10100000000000000000000010100000
            11110000000000000000000011110000
            10101010000000000000000010101010
            10100101000000000000000010100101
            10100000101000001010000010100000
        10000010000000000000000010000010
            11000011000000000000000011000011
            10101010000000000000000010101010
            10010110000000000000000010010110
            10000010100000101000001010000010
        11000000000000000000000011000000
            11110000000000000000000011110000
            11001100000000000000000011001100
            11000011000000000000000011000011
            11000000110000001100000011000000
        10000100000000000000000010000100
            10100101000000000000000010100101
            11001100000000000000000011001100
            10010110000000000000000010010110
            10000100100001001000010010000100
        10010000000000000000000010010000
            11110000000000000000000011110000
            10011001000000000000000010011001
            10010110000000000000000010010110
            10010000100100001001000010010000
        10000001000000000000000010000001
            10100101000000000000000010100101
            10011001000000000000000010011001
            11000011000000000000000011000011
            10000001100000011000000110000001
        10000000100000001000000010000000
--------------------------------------
Порождающая матрица G1 кода RM(1,2) (3 x 4):

1111
0101
0011
--------------------------------------
Порождающая матрица G2 кода RM(1,3) (4 x 8):

11111111
01010101
00110011
00001111
--------------------------------------
Порождающая матрица Gt тензорного произведения RM(1,2) и RM(1,3) (12 x 32):

11111111111111111111111111111111
01010101010101010101010101010101
00110011001100110011001100110011
00001111000011110000111100001111
00000000111111110000000011111111
00000000010101010000000001010101
00000000001100110000000000110011
00000000000011110000000000001111
00000000000000001111111111111111
00000000000000000101010101010101
00000000000000000011001100110011
00000000000000000000111100001111
--------------------------------------
Информационный вектор u (length = 12):

011011010010
--------------------------------------
Кодовый вектор (length = 32):

01100110110000110101010111110000
--------------------------------------
Зашумленный кодовый вектор, ошибок - 3 (length = 32):

01110110110000110101010011100000
--------------------------------------
Результат декодирования (length = 32):

01100110110000110101010111110000
--------------------------------------
Разница между полученным вектором и исходным кодовым вектором (length = 32):

00000000000000000000000000000000
--------------------------------------